2,1554110910.7375202
3,1554110912.2371678
3,1554110917.9390268
3,1554110962.7374938
3,1554110963.9221058
2,1554110964.9222467
3,1554110966.2393956
3,1554110967.2388022
3,1554110968.237765
3,1554110969.2380424
3,1554110970.2352107
3,1554110971.2383337
3,1554110972.2325497
3,1554110972.9610631
3,1554110973.7358572
3,1554110974.7415266
3,1554110975.7350512
3,1554110976.733211
3,1554110977.73319
3,1554110978.7331314
3,1554110979.7318828
3,1554110980.7324722
3,1554110981.7372458
3,1554110982.7347367
3,1554110983.833991
3,1554110984.8310585
3,1554110985.8284407
3,1554110986.8294117
3,1554110987.8298395
3,1554110988.829486
3,1554110989.8318348
3,1554110991.2308655
3,1554110997.220829
3,1554110999.4126992
2,1554111000.5185692
3,1554111001.5188744
2,1554111013.1694334
